1, 129, 3
2, 444, 11
3, 115, 73
4, 105, 109
5, 149, 3
6, 121, 38
7, 144, 33
8, 121, 33
9, 159, 91
10, 365, 7
11, 102, 23
12, 180, 50
13, 128, 33
14, 106, 36
15, 102, 1
16, 126, 33
17, 104, 12
18, 185, 33
19, 103, 67
20, 171, 4
21, 132, 7
22, 110, 21
23, 125, 46
24, 114, 11
25, 137, 15
26, 137, 28
27, 114, 19
28,
29, 126, 338
30, 141, 25
31, 129, 23
32, 167, 6
33, 146, 342
34, 386, 26
35, 127, 170
36, 111, 36
37, 124, 76
38, 101, 33
39, 112, 1
40, 119, 90
41, 126, 23
42, 202, 2
43, 101, 33
44, 128, 33
45, 107, 38
46, 114, 7
47, 123, 32
48, 131, 23
49, 123, 3
50, 213, 36
51, 148, 20
52, 123, 4
53, 129, 90
54, 112, 33
55, 141, 21
56, 137, 9
57, 130, 98
58, 181, 23
59, 144, 32
60, 122, 4
61, 485, 2
62, 208, 33
63, 102, 23
64, 164, 33
65, 104, 141
66, 138, 21
67, 112, 91
68, 104, 27
69, 212, 23
70, 109, 11
71, 205, 33
72, 113, 27
73, 122, 1
74, 106, 27
75, 120, 7
76, 158, 23
77, 138, 221
78, 269, 89
79, 427, 3
80, 178, 10
81, 140, 38
82, 101, 245
83, 512, 22
84, 113, 2
85, 108, 16
86, 101, 46
87, 117, 27
88, 127, 9
89, 164, 33
90, 146, 6
91, 102, 23
92, 189, 2
93, 128, 90
94, 149, 33
95, 100, 3
96, 103, 27
97, 138, 0
98, 116, 3
99, 287, 2
100, 122, 33
101, 177, 203
102, 120, 46
103, 106, 33
104, 114, 97
105, 127, 2
106, 145, 7
107, 191, 28
108, 108, 10
109, 166, 33
110, 112, 39
111, 117, 139
112, 111, 10
113, 108, 27
114, 151, 26
115, 124, 23
116, 100, 28
117, 142, 6
118, 122, 98
119, 113, 27
120, 231, 23
121, 102, 126
122, 110, 36
123, 104, 16
124, 134, 0
125, 132, 25
126, 114, 1
127, 111, 33
128, 116, 38
129, 110, 33
130, 161, 23
131, 139, 51
132, 106, 90
133, 162, 33
134, 102, 28
135, 234, 26
136, 151, 9
137, 110, 141
138, 192, 164
139, 112, 44
140, 123, 33
141, 126, 33
142, 213, 2
143, 127, 1
144, 158, 32
145, 126, 25
146, 108, 128
147, 118, 41
148, 237, 106
149, 110, 74
150, 152, 6
151, 112, 33
152, 111, 32
153, 146, 6
154, 163, 33
155, 191, 33
156, 193, 33
157, 183, 50
158, 317, 74
159, 104, 253
160, 118, 2
161, 164, 33
162, 182, 23
163, 152, 36
164, 113, 21
165, 332, 37
166, 138, 36
167, 104, 25
168, 102, 139
169, 127, 25
170, 111, 120
171, 123, 21
172, 145, 35
173, 119, 12
174, 119, 33
175, 136, 33
176, 180, 9
177, 260, 18
178, 129, 5
179, 151, 0
180, 139, 50
181, 115, 33
182, 103, 3
183, 115, 32
184, 121, 79
185, 290, 62
186, 120, 36
187, 101, 2
188, 106, 81
189, 106, 118
190, 123, 33
191, 137, 197
192, 112, 38
193, 113, 9
194, 106, 230
195, 157, 29
196, 125, 12
197, 106, 25
198, 130, 25
199,
200, 337, 24
201, 375, 15
202, 120, 11
203, 142, 33
204, 160, 23
205, 118, 9
206, 127, 33
207, 186, 10
208, 160, 36
209, 100, 38
210, 101, 584
211, 155, 38
212, 162, 33
213, 102, 77
214, 121, 33
215, 139, 11
216, 118, 54
217, 140, 23
218, 206, 33
219, 109, 219
220, 116, 32
221, 449, 4
222, 127, 23
223, 171, 33
224, 151, 188
225, 102, 46
226, 103, 9
227, 102, 81
228, 127, 139
229, 122, 79
230, 118, 33
231, 101, 28
232, 106, 286
233, 134, 33
234, 175, 1
235, 102, 26
236, 238, 32
237, 150, 46
238, 114, 26
239, 312, 106
240, 129, 9
241, 116, 32
242, 138, 46
243, 152, 139
244, 145, 212
245, 108, 33
246, 124, 9
247, 129, 7
248, 103, 1
249, 136, 5
250, 107, 25
251, 179, 50
252, 125, 2
253, 137, 109
254, 216, 439
255, 162, 10
256, 102, 32
257, 112, 2
258, 105, 46
259, 259, 62
260, 109, 107
261, 153, 11
262, 109, 40
263, 125, 40
264, 111, 28
265, 108, 158
266, 101, 33
267, 148, 16
268, 103, 628
269, 133, 2
270, 109, 91
271, 164, 23
272, 124, 3
273, 424, 49
274, 187, 23
275, 149, 82
276, 109, 38
277, 108, 90
278, 103, 18
279, 114, 33
280, 101, 21
281, 118, 8
282, 102, 4
283, 105, 10
284, 152, 164
285, 108, 396
286, 163, 19
287, 114, 10
288, 109, 6
289, 389, 89
290, 127, 33
291, 101, 40
292, 188, 23
293, 131, 23
294, 108, 120
295, 167, 68
296, 105, 254
297, 129, 33
298, 131, 212
299, 151, 12
300, 141, 4
301, 103, 10
302, 139, 6
303, 109, 76
304, 280, 68
305, 125, 21
306, 129, 36
307, 163, 38
308, 103, 128
309, 136, 188
310, 139, 4
311, 145, 0
312, 100, 4
313, 107, 139
314, 148, 28
315, 122, 73
316, 137, 4
317, 121, 3
318, 134, 51
319, 124, 7
320, 104, 50
321, 130, 32
322, 109, 2
323, 127, 23
324, 114, 67
325, 129, 32
326, 175, 33
327, 121, 4
328, 228, 33
329, 314, 23
330, 145, 36
331, 147, 10
332, 139, 7
333, 252, 89
334, 112, 54
335, 148, 33
336, 103, 71
337, 114, 73
338, 151, 56
339, 167, 21
340, 237, 268
341, 150, 7
342, 116, 46
343, 165, 1
344, 129, 390
345, 101, 151
346, 145, 212
347, 268, 82
348, 104, 33
349, 112, 25
350, 133, 33
351, 221, 18
352, 151, 91
353, 139, 38
354, 123, 46